0
1
2
3
4
5
6
7
8
9
10
11
12
13
14
15
16
17
18
19
20
21
22
23
24
25
26
27
28
29
30
32
33
34
35
36
37
38
39
40
41
42
44
45
46
48
49
50
52
53
54
56
57
58
60
61
62
64
65
66
67
68
69
70
72
73
74
76
77
78
80
81
82
84
85
86
88
89
90
92
93
94
96
97
98
100
101
102
104
105
106
108
109
110
112
113
114
116
117
118
120
121
122
124
128
129
130
131
132
133
134
136
137
138
140
141
142
144
145
146
148
149
150
152
153
154
156
157
158
160
161
162
164
165
166
168
169
170
172
173
174
176
177
178
180
181
182
184
185
188
192
193
194
196
197
198
200
201
202
204
205
206
208
209
210
212
213
216
224
225
226
228
232
240
256
257
258
259
260
261
262
264
265
266
268
269
270
272
273
274
276
277
278
280
281
282
284
285
286
288
289
290
292
293
294
296
297
298
300
301
304
305
306
308
312
320
321
322
324
325
326
328
329
330
332
336
337
338
340
344
352
353
354
356
384
385
386
388
389
390
392
393
394
396
400
401
416
448