0
1
2
3
4
5
6
7
8
9
10
11
12
13
14
15
16
17
18
19
20
21
22
23
24
25
26
27
28
29
30
31
32
33
34
35
36
37
38
39
40
41
42
43
44
45
46
47
48
49
50
51
52
53
54
56
57
58
60
61
62
64
65
66
67
68
69
70
71
72
73
74
75
76
77
78
80
81
82
83
84
85
86
88
89
90
92
93
94
96
97
98
99
100
101
102
104
105
106
108
109
110
112
113
114
116
117
118
120
121
122
124
125
126
128
129
130
131
132
133
134
135
136
137
138
139
140
141
142
144
145
146
147
148
149
150
152
153
154
156
157
158
160
161
162
164
165
166
168
169
170
172
173
174
176
177
178
180
181
182
184
185
186
188
189
190
192
193
194
196
197
198
200
201
202
204
205
206
208
209
210
212
213
214
216
217
218
220
221
222
224
225
226
228
229
230
232
233
234
236
237
238
240
241
242
244
245
246
248
249
256
257
258
259
260
261
262
263
264
265
266
268
269
270
272
273
274
276
277
278
280
281
282
284
285
286
288
289
290
292
293
294
296
297
298
300
301
302
304
305
306
308
309
310
312
313
314
316
317
318
320
321
322
324
325
326
328
329
330
332
333
334
336
337
338
340
341
342
344
345
346
348
349
350
352
353
354
356
357
358
360
361
362
364
365
368
369
370
372
376
384
385
386
388
389
390
392
393
394
396
397
398
400
401
402
404
405
406
408
409
410
412
413
416
417
418
420
421
422
424
425
426
428
432
433
434
436
440
448
449
450
452
453
454
456
457
458
460
464
465
480
512
513
514
515
516
517
518
520
521
522
524
525
526
528
529
530
532
533
534
536
537
538
540
541
542
544
545
546
548
549
550
552
553
554
556
557
558
560
561
562
564
565
566
568
569
570
572
573
576
577
578
580
581
582
584
585
586
588
589
590
592
593
594
596
597
598
600
601
602
604
608
609
610
612
613
614
616
617
618
620
624
625
626
628
640
641
642
644
645
646
648
649
650
652
653
654
656
657
658
660
661
662
664
665
666
668
672
673
674
676
677
678
680
681
688
704
705
706
708
712
720
736
768
769
770
772
773
774
776
777
778
780
781
782
784
785
786
788
789
792
800
801
802
804
808
816
832
833
834
836
840
896
897