0
1
2
3
4
5
6
7
8
9
10
11
12
13
14
15
16
17
18
19
20
21
22
23
24
25
26
27
28
29
30
31
32
33
34
35
36
37
38
39
40
41
42
43
44
45
46
47
48
49
50
51
52
53
54
55
56
57
58
59
60
61
62
64
65
66
67
68
69
70
71
72
73
74
75
76
77
78
79
80
81
82
83
84
85
86
87
88
89
90
91
92
93
94
96
97
98
99
100
101
102
103
104
105
106
108
110
112
113
114
116
118
120
122
124
126
128
129
130
131
132
133
134
135
136
137
138
139
140
141
142
143
144
145
146
147
148
149
150
152
153
154
156
158
160
161
162
163
164
165
166
168
169
170
172
174
176
177
178
180
182
184
186
188
190
192
193
194
195
196
197
198
200
201
202
204
206
208
209
210
212
214
216
218
220
222
224
226
228
230
232
234
236
238
240
242
244
246
248
250
252
254
256
257
258
259
260
261
262
263
264
265
266
267
268
269
270
272
273
274
275
276
277
278
280
281
282
284
286
288
289
290
291
292
293
294
296
297
298
300
302
304
305
306
308
310
312
314
316
318
320
321
322
323
324
325
326
328
330
332
334
336
338
340
342
344
346
348
350
352
354
356
358
360
362
364
366
368
370
372
374
376
378
380
384
385
386
388
390
392
394
396
398
400
402
404
406
408
410
412
414
416
418
420
422
424
426
428
430
432
434
436
438
440
442
444
448
450
452
454
456
458
460
462
464
466
468
470
472
474
480
482
484
488
496
512
513
514
515
516
517
518
519
520
521
522
523
524
525
526
528
529
530
531
532
533
534
536
538
540
542
544
545
546
547
548
550
552
554
556
558
560
562
564
566
568
570
572
574
576
577
578
580
582
584
586
588
590
592
594
596
598
600
602
604
606
608
610
612
614
616
618
620
622
624
626
628
630
632
634
636
640
641
642
644
646
648
650
652
654
656
658
660
662
664
666
668
670
672
674
676
678
680
682
684
686
688
690
692
696
704
706
708
710
712
714
716
720
722
724
728
736
738
740
744
752
768
769
770
772
774
776
778
780
782
784
786
788
790
792
794
796
798
800
802
804
806
808
810
812
816
818
820
824
832
834
836
838
840
842
844
848
850
852
864
896
898
900
902
904
906
912
928
960